-1
-1
-1
-1
-1
-1
600003
600005
600007
600008
600010
600014
600015
600018
600019
600024
600025
600027
600029
600030
600031
600035
600036
600041
600042
600044
600046
600047
600048
600050
600051
600052
600053
600054
600055
600059
600061
600063
600064
600065
600068
600069
600070
600072
600074
600075
600077
600079
607484
600089
600094
600095
600096
600097
600098
600099
600101
600102
600103
600104
600105
600106
600109
600110
600112
600113
600114
600115
600116
600117
600118
600119
600122
600124
600126
600127
600128
600129
600131
600133
600134
600135
600136
600137
600140
600143
600144
600145
600146
600150
600151
600152
600154
600155
600156
600157
600158
600160
600162
600163
600164
600167
600168
600170
600175
600176
600179
600186
600188
600189
600190
600191
600193
600194
600196
600198
600199
600200
600202
600203
600204
600207
600208
600209
600210
600211
600212
600213
600214
600215
600216
600217
600218
600219
600220
600221
600222
600224
600225
600226
600227
600228
600229
600230
600231
600232
600233
600234
600238
600240
600242
600243
600247
600248
600251
600252
600253
600254
600256
600257
600258
600259
600260
600262
600263
600265
600267
600270
600272
600277
600280
600282
600284
600285
600288
600291
600292
600296
600297
600298
600301
600303
600304
600305
600307
600310
600311
600313
600315
600316
600317
600319
600320
600326
600328
600330
600331
600332
600333
600334
600335
600336
600337
600338
600339
600340
600341
600342
600348
600350
600351
600353
600354
600355
600356
600359
600361
600362
600363
600364
600365
600366
600368
600369
600370
600372
600373
600374
600376
600380
600383
600384
600385
600386
600388
600389
600391
600392
600393
600394
600396
600397
600398
600400
600401
600402
600403
600405
600406
600407
600409
600410
600411
600414
600418
600419
600421
600422
600424
600425
600426
600430
600434
600435
600439
600440
600444
600450
600452
600453
600458
600459
600464
600465
600466
600467
600471
600474
600476
600479
600481
600482
600483
600485
600488
600493
600496
600497
600501
600503
600504
600505
600508
600510
600511
600512
600514
600515
600516
600517
600518
600521
600524
600525
600527
600530
600533
600536
600537
600539
600540
600541
600543
600544
600545
600552
600553
600555
600558
600559
600560
600566
600567
600568
600569
600570
600571
600572
600573
600576
600577
600580
600581
600582
600583
600586
600588
600591
600592
600593
600594
600598
600600
600601
600603
600604
600605
600606
600608
600613
600614
600615
600618
600619
600620
600621
600623
600625
600629
600631
600632
600633
600634
600635
600636
600638
600643
600644
600645
600648
600649
600651
600652
600656
600657
600662
600663
600664
600665
600666
600668
600669
600670
600673
600674
600675
600682
600683
600687
600688
600690
600692
600694
600695
600699
600701
600702
600704
600705
600709
600710
600711
600712
600714
600715
600717
600719
600720
600721
600722
600723
600724
600725
600727
600728
600729
600731
600732
600733
600734
600735
600737
600740
600741
600742
600743
600746
600748
600749
600750
600753
600754
600758
600760
600761
600765
600766
600767
600768
600772
600776
600777
600779
600780
600783
600784
600785
600790
600791
600792
600794
600795
600797
600802
600803
600804
600806
600809
600811
600812
600813
600814
600815
600817
600822
600823
600824
600825
600826
600827
600828
600830
600831
600832
600833
600834
600835
600836
600837
600838
600841
600843
600845
600846
600851
600852
600853
600854
600855
600856
600858
600859
600860
600861
600864
600867
600870
600872
600873
600874
600875
600877
600878
600879
600882
600885
600886
600887
600891
600892
600893
600897
600898
600899
600900
600901
600903
600904
600905
600906
600907
600908
600911
600912
600914
600915
600916
600918
600919
600920
600921
600922
600923
600924
600925
600926
600927
600929
600930
600931
600932
600933
600934
600937
600938
600941
600943
600945
600946
600950
600951
600952
600954
600955
600957
600959
600961
600962
600963
600965
600968
600971
600973
600974
600975
600976
600977
600980
600982
600985
600987
600988
600991
600993
600996
600999
601000
601004
601006
601007
601009
601010
601011
601012
601017
601018
601020
601022
601023
601024
601025
601027
601028
601029
601030
601032
601037
601039
601045
601046
601047
601048
601049
601052
601053
601054
601055
601062
601063
601066
601067
601068
601070
601074
601078
601079
601081
601082
601083
601087
601088
601090
601092
601093
601096
601097
601100
601103
601105
601106
601108
601109
601111
601115
601116
601117
601119
601120
601123
601129
601130
601133
601134
601136
601138
601140
601144
601145
601150
601151
601152
601157
601158
601159
601162
601163
601170
601171
601172
601177
601182
601184
601193
601196
601199
601200
601201
601202
601204
601205
601206
601210
601211
601215
601216
601219
601227
601233
601236
601238
601239
601243
601244
601245
601248
601255
601259
601266
601274
601275
601281
601282
601283
601286
601289
601292
601296
601302
601311
601314
601315
601317
601318
601320
601321
601322
601324
601326
601327
601330
601335
601338
601342
601344
601345
601348
601352
601355
601356
601366
601368
601369
601371
601372
601375
601377
601379
601382
601383
601390
601393
601395
601398
601400
601404
601406
601408
601411
601412
601414
601423
601424
601425
601428
601430
601434
601436
601439
601442
601443
601444
601447
601455
601456
601461
601464
601465
601466
601469
601473
601477
601500
601505
601506
601507
601508
601522
601523
601531
601535
601540
601544
601546
601547
601552
601555
601557
601565
601574
601592
601603
601605
601606
601607
601611
601627
601629
601630
601633
601636
601642
601644
601647
601648
601651
601654
601658
601662
601664
601665
601672
601677
601680
601682
601689
601690
601691
601692
601697
601707
601710
601714
601716
601719
601720
601723
601727
601745
601754
601760
601762
601764
601773
601774
601781
601785
601789
601794
601796
601823
601838
601846
601857
601864
601872
601880
601892
601916
601931
601974
601981
602069
602086
602137
602172
602174
602203
602469